 how many operators u want to put here
 put the the operator name 1
 put the the operator name 2
  13.  14.  25.  26.  27.  28.  3.  4.  5.  6.
  35.  36.  25.  26.  27.  28.  3.  4.  5.  6.
  15.  37.  25.  26.  27.  28.  3.  4.  5.  6.
  16.  38.  25.  26.  27.  28.  3.  4.  5.  6.
 max 10
  25.  0.  0.  0.  0.  0.  0.  0.  0.  0. 1
  26.  0.  0.  0.  0.  0.  0.  0.  0.  0. 2
  27.  0.  0.  0.  0.  0.  0.  0.  0.  0. 3
  28.  0.  0.  0.  0.  0.  0.  0.  0.  0. 4
  25.  13.  0.  0.  0.  0.  0.  0.  0.  0. 1 5
  25.  3.  0.  0.  0.  0.  0.  0.  0.  0. 1 6
  25.  5.  0.  0.  0.  0.  0.  0.  0.  0. 1 7
  26.  14.  0.  0.  0.  0.  0.  0.  0.  0. 1 9
  26.  4.  0.  0.  0.  0.  0.  0.  0.  0. 1 10
  26.  6.  0.  0.  0.  0.  0.  0.  0.  0. 1 11
  27.  13.  0.  0.  0.  0.  0.  0.  0.  0. 1 9
  27.  3.  0.  0.  0.  0.  0.  0.  0.  0. 1 10
  27.  5.  0.  0.  0.  0.  0.  0.  0.  0. 1 11
  28.  14.  0.  0.  0.  0.  0.  0.  0.  0. 1 9
  28.  4.  0.  0.  0.  0.  0.  0.  0.  0. 1 10
  28.  6.  0.  0.  0.  0.  0.  0.  0.  0. 1 11
 ******************** 1
 kk 1
 the final set ****(1)  0.  0.  0.  0.  0.  0.  0.  0.  0.  0.  0.  0.  0.  0.
 kkmiddle 1
 kklast 1
 kk 1
  35.  0.  0.  0.  0.  0.  0.  0.  0.  0. 1
  36.  0.  0.  0.  0.  0.  0.  0.  0.  0. 2
  25.  0.  0.  0.  0.  0.  0.  0.  0.  0. 3
  26.  0.  0.  0.  0.  0.  0.  0.  0.  0. 4
  27.  0.  0.  0.  0.  0.  0.  0.  0.  0. 5
  28.  0.  0.  0.  0.  0.  0.  0.  0.  0. 6
  35.  3.  0.  0.  0.  0.  0.  0.  0.  0. 2 7
  35.  5.  0.  0.  0.  0.  0.  0.  0.  0. 2 8
  36.  4.  0.  0.  0.  0.  0.  0.  0.  0. 2 11
  36.  6.  0.  0.  0.  0.  0.  0.  0.  0. 2 12
  25.  3.  0.  0.  0.  0.  0.  0.  0.  0. 2 11
  25.  5.  0.  0.  0.  0.  0.  0.  0.  0. 2 12
  26.  4.  0.  0.  0.  0.  0.  0.  0.  0. 2 11
  26.  6.  0.  0.  0.  0.  0.  0.  0.  0. 2 12
  27.  3.  0.  0.  0.  0.  0.  0.  0.  0. 2 11
  27.  5.  0.  0.  0.  0.  0.  0.  0.  0. 2 12
  28.  4.  0.  0.  0.  0.  0.  0.  0.  0. 2 11
  28.  6.  0.  0.  0.  0.  0.  0.  0.  0. 2 12
 ******************** 1537
 kk 1537
 the final set ****(1)  35.  3.  36.  4.  25.  5.  26.  6.  27.  28.  1234.
  1312.  650.  712.
 kkmiddle 16
 kklast 16
 the final set( 2)  35.  3.  36.  4.  25.  5.  28.  6.  26.  27.  1234.  1312.
  650.  820. 2
 the final set( 3)  35.  3.  36.  6.  25.  5.  26.  4.  27.  28.  1234.  1332.
  650.  692. 5
 the final set( 4)  35.  3.  36.  6.  25.  5.  28.  4.  26.  27.  1234.  1332.
  650.  800. 6
 the final set( 5)  35.  3.  25.  5.  26.  4.  28.  6.  36.  27.  1234.  650.
  692.  820. 9
 the final set( 6)  35.  3.  25.  5.  26.  6.  28.  4.  36.  27.  1234.  650.
  712.  800. 10
 the final set( 7)  36.  4.  25.  3.  26.  6.  27.  5.  35.  28.  1312.  634.
  712.  754. 13
 the final set( 8)  36.  4.  25.  3.  27.  5.  28.  6.  35.  26.  1312.  634.
  754.  820. 14
 kk 8
  37.  0.  0.  0.  0.  0.  0.  0.  0.  0. 1
  25.  0.  0.  0.  0.  0.  0.  0.  0.  0. 2
  26.  0.  0.  0.  0.  0.  0.  0.  0.  0. 3
  27.  0.  0.  0.  0.  0.  0.  0.  0.  0. 4
  28.  0.  0.  0.  0.  0.  0.  0.  0.  0. 5
  37.  3.  0.  0.  0.  0.  0.  0.  0.  0. 3 6
  37.  5.  0.  0.  0.  0.  0.  0.  0.  0. 3 7
  25.  15.  0.  0.  0.  0.  0.  0.  0.  0. 3 11
  25.  3.  0.  0.  0.  0.  0.  0.  0.  0. 3 12
  25.  5.  0.  0.  0.  0.  0.  0.  0.  0. 3 13
  26.  4.  0.  0.  0.  0.  0.  0.  0.  0. 3 11
  26.  6.  0.  0.  0.  0.  0.  0.  0.  0. 3 12
  27.  15.  0.  0.  0.  0.  0.  0.  0.  0. 3 11
  27.  3.  0.  0.  0.  0.  0.  0.  0.  0. 3 12
  27.  5.  0.  0.  0.  0.  0.  0.  0.  0. 3 13
  28.  4.  0.  0.  0.  0.  0.  0.  0.  0. 3 11
  28.  6.  0.  0.  0.  0.  0.  0.  0.  0. 3 12
 ******************** 961
 kk 961
 the final set ****(1)  37.  3.  25.  15.  26.  4.  27.  5.  28.  6.  1378.
  850.  692.  754.
 kkmiddle 20
 kklast 18
 the final set( 2)  37.  3.  25.  15.  26.  4.  28.  6.  27.  5.  1378.  850.
  692.  820. 2
 the final set( 3)  37.  3.  25.  15.  26.  6.  27.  5.  28.  4.  1378.  850.
  712.  754. 3
 the final set( 4)  37.  3.  25.  15.  26.  6.  28.  4.  27.  5.  1378.  850.
  712.  800. 4
 the final set( 5)  37.  3.  25.  15.  27.  5.  28.  4.  26.  6.  1378.  850.
  754.  800. 5
 the final set( 6)  37.  3.  25.  15.  27.  5.  28.  6.  26.  4.  1378.  850.
  754.  820. 6
 the final set( 7)  37.  3.  25.  5.  26.  4.  28.  6.  27.  15.  1378.  650.
  692.  820. 8
 the final set( 8)  37.  3.  25.  5.  26.  6.  28.  4.  27.  15.  1378.  650.
  712.  800. 10
 the final set( 9)  25.  15.  26.  4.  27.  3.  28.  6.  37.  5.  850.  692.
  738.  820. 17
 the final set( 10)  25.  15.  26.  4.  27.  5.  28.  6.  37.  3.  850.  692.
  754.  820. 18
 kk 10
  38.  0.  0.  0.  0.  0.  0.  0.  0.  0. 1
  25.  0.  0.  0.  0.  0.  0.  0.  0.  0. 2
  26.  0.  0.  0.  0.  0.  0.  0.  0.  0. 3
  27.  0.  0.  0.  0.  0.  0.  0.  0.  0. 4
  28.  0.  0.  0.  0.  0.  0.  0.  0.  0. 5
  38.  4.  0.  0.  0.  0.  0.  0.  0.  0. 4 6
  38.  6.  0.  0.  0.  0.  0.  0.  0.  0. 4 7
  25.  3.  0.  0.  0.  0.  0.  0.  0.  0. 4 11
  25.  5.  0.  0.  0.  0.  0.  0.  0.  0. 4 12
  26.  16.  0.  0.  0.  0.  0.  0.  0.  0. 4 11
  26.  4.  0.  0.  0.  0.  0.  0.  0.  0. 4 12
  26.  6.  0.  0.  0.  0.  0.  0.  0.  0. 4 13
  27.  3.  0.  0.  0.  0.  0.  0.  0.  0. 4 11
  27.  5.  0.  0.  0.  0.  0.  0.  0.  0. 4 12
  28.  16.  0.  0.  0.  0.  0.  0.  0.  0. 4 11
  28.  4.  0.  0.  0.  0.  0.  0.  0.  0. 4 12
  28.  6.  0.  0.  0.  0.  0.  0.  0.  0. 4 13
 ******************** 961
 kk 961
 the final set ****(1)  38.  4.  25.  3.  26.  16.  27.  5.  28.  6.  1460.
  634.  932.  754.
 kkmiddle 20
 kklast 18
 the final set( 2)  38.  4.  25.  3.  26.  16.  28.  6.  27.  5.  1460.  634.
  932.  820. 2
 the final set( 3)  38.  4.  25.  3.  26.  6.  27.  5.  28.  16.  1460.  634.
  712.  754. 3
 the final set( 4)  38.  4.  25.  3.  26.  6.  28.  16.  27.  5.  1460.  634.
  712.  1040. 4
 the final set( 5)  38.  4.  25.  3.  27.  5.  28.  16.  26.  6.  1460.  634.
  754.  1040. 5
 the final set( 6)  38.  4.  25.  3.  27.  5.  28.  6.  26.  16.  1460.  634.
  754.  820. 6
 the final set( 7)  38.  4.  25.  5.  26.  16.  28.  6.  27.  3.  1460.  650.
  932.  820. 8
 the final set( 8)  38.  4.  25.  5.  26.  6.  28.  16.  27.  3.  1460.  650.
  712.  1040. 10
 the final set( 9)  25.  3.  26.  16.  27.  5.  28.  4.  38.  6.  634.  932.
  754.  800. 17
 the final set( 10)  25.  3.  26.  16.  27.  5.  28.  6.  38.  4.  634.  932.
  754.  820. 18
 kk 10
