 how many operators u want to put here
 put the the operator name 1
 put the the operator name 2
 max 10
 ********************
 ********************
 ********************
 ********************
 ********************
 ********************
 ********************
 ********************
 ********************
 ********************
 the final set1  35.  3.  36.  4.  25.  5.  26.  6.  27.  28.  1234.  1312.
  650.  712.
 the final set 2  35.  3.  36.  4.  25.  5.  28.  6.  26.  27.  1234.  1312.
  650.  820. 3
 the final set 3  35.  3.  36.  4.  26.  6.  27.  5.  25.  28.  1234.  1312.
  712.  754. 11
 the final set 4  35.  3.  36.  4.  27.  5.  28.  6.  25.  26.  1234.  1312.
  754.  820. 19
 the final set 5  35.  3.  36.  6.  25.  5.  26.  4.  27.  28.  1234.  1332.
  650.  692. 65
 the final set 6  35.  3.  36.  6.  25.  5.  28.  4.  26.  27.  1234.  1332.
  650.  800. 67
 the final set 7  35.  3.  36.  6.  26.  4.  27.  5.  25.  28.  1234.  1332.
  692.  754. 75
 the final set 8  35.  3.  36.  6.  27.  5.  28.  4.  25.  26.  1234.  1332.
  754.  800. 83
 the final set 9  35.  3.  25.  5.  26.  4.  28.  6.  36.  27.  1234.  650.
  692.  820. 147
 the final set 10  35.  3.  25.  5.  26.  6.  28.  4.  36.  27.  1234.  650.
  712.  800. 155
 the final set 11  35.  3.  26.  4.  27.  5.  28.  6.  36.  25.  1234.  692.
  754.  820. 243
 the final set 12  35.  3.  26.  6.  27.  5.  28.  4.  36.  25.  1234.  712.
  754.  800. 307
 the final set 13  36.  4.  25.  3.  26.  6.  27.  5.  35.  28.  1312.  634.
  712.  754. 2443
 the final set 14  36.  4.  25.  3.  27.  5.  28.  6.  35.  26.  1312.  634.
  754.  820. 2451
 the final set 15  36.  4.  25.  5.  26.  6.  27.  3.  35.  28.  1312.  650.
  712.  738. 2507
 the final set 16  36.  4.  25.  5.  27.  3.  28.  6.  35.  26.  1312.  650.
  738.  820. 2515
