 how many operators u want to put here
 put the the operator name 1
 put the the operator name 2
  13.  14.  25.  26.  27.  28.  3.  4.  5.  6.
  35.  36.  25.  26.  27.  28.  3.  4.  5.  6.
  15.  37.  25.  26.  27.  28.  3.  4.  5.  6.
  16.  38.  25.  26.  27.  28.  3.  4.  5.  6.
 max 10
 ********************
 ********************
 ********************
 ********************
 ********************
 ********************
 ********************
 ********************
 ********************
 ********************
 the final set1  16.  26.  38.  4.  25.  3.  27.  5.  28.  6.  932.  1460.
  634.  754.
 the final set 2  16.  26.  38.  4.  25.  3.  28.  6.  27.  5.  932.  1460.
  634.  820. 3
 the final set 3  16.  26.  38.  4.  25.  5.  27.  3.  28.  6.  932.  1460.
  650.  738. 9
 the final set 4  16.  26.  38.  4.  25.  5.  28.  6.  27.  3.  932.  1460.
  650.  820. 11
 the final set 5  16.  26.  38.  4.  27.  3.  28.  6.  25.  5.  932.  1460.
  738.  820. 19
 the final set 6  16.  26.  38.  4.  27.  5.  28.  6.  25.  3.  932.  1460.
  754.  820. 27
 the final set 7  16.  26.  38.  6.  25.  3.  27.  5.  28.  4.  932.  1480.
  634.  754. 97
 the final set 8  16.  26.  38.  6.  25.  3.  28.  4.  27.  5.  932.  1480.
  634.  800. 99
 the final set 9  16.  26.  38.  6.  25.  5.  27.  3.  28.  4.  932.  1480.
  650.  738. 105
 the final set 10  16.  26.  38.  6.  25.  5.  28.  4.  27.  3.  932.  1480.
  650.  800. 107
 the final set 11  16.  26.  38.  6.  27.  3.  28.  4.  25.  5.  932.  1480.
  738.  800. 115
 the final set 12  16.  26.  38.  6.  27.  5.  28.  4.  25.  3.  932.  1480.
  754.  800. 123
 the final set 13  16.  26.  25.  3.  27.  5.  28.  4.  38.  6.  932.  634.
  754.  800. 213
 the final set 14  16.  26.  25.  3.  27.  5.  28.  6.  38.  4.  932.  634.
  754.  820. 215
 the final set 15  16.  26.  25.  5.  27.  3.  28.  4.  38.  6.  932.  650.
  738.  800. 309
 the final set 16  16.  26.  25.  5.  27.  3.  28.  6.  38.  4.  932.  650.
  738.  820. 311
 the final set 17  38.  4.  25.  3.  26.  6.  27.  5.  16.  28.  1460.  634.
  712.  754. 3291
 the final set 18  38.  4.  25.  3.  27.  5.  28.  6.  16.  26.  1460.  634.
  754.  820. 3307
 the final set 19  38.  4.  25.  5.  26.  6.  27.  3.  16.  28.  1460.  650.
  712.  738. 3387
 the final set 20  38.  4.  25.  5.  27.  3.  28.  6.  16.  26.  1460.  650.
  738.  820. 3403
